{"id":"0_project_skit_2","containers":[{"elements":[{"id":"set_safety_skill2","parameter":{"reset_safety":{"access":["parent","parameter","safety"]},"safety":{"force_thresholds":{"x":28,"x_rot":10,"y":24,"y_rot":10,"z":26,"z_rot":10},"torque_thresholds":{"j0":10,"j1":10,"j2":10,"j3":10,"j4":10,"j5":10,"j6":10}}},"name":"Thresholds","libraryItemId":"set_safety_skill","containers":[{"elements":[{"id":"joint_motion","parameter":{"acceleration":0.4,"cartesian_impedance":{"access":["parent","parent","parent","parameter","cartesian_impedance"]},"joint_impedance":{"access":["parent","parent","parent","parameter","joint_impedance"]},"motion":{"access":["parent","parent","parameter","poses",9,"relative_trajectories",1]},"safety":{"access":["parent","parameter","safety"]},"speed":{"access":["parent","parent","parent","parameter","speed"]},"velocity":0.35},"name":"Joint Motion","link":"joint_motion","componentProviders":{"acceleration":{"linkConfig":null,"componentLookupTable":[]},"motion":{"linkConfig":{"components":["robot-pose-carousel"],"sourceDistance":4,"parameters":{"points":["motion"]}},"componentLookupTable":[{"name":"robot-pose-carousel","sourcePath":{"id":"0_project_skit_2","indices":[]},"dependencies":[]}]},"velocity":{"linkConfig":null,"componentLookupTable":[]}},"enabled":true,"isTracePoint":false},{"id":"cartesian_motion","parameter":{"acceleration":0.45,"cartesian_impedance":{"access":["parent","parent","parent","parameter","cartesian_impedance"]},"joint_impedance":{"access":["parent","parent","parent","parameter","joint_impedance"]},"motion":{"access":["parent","parent","parameter","poses",10,"relative_trajectories",1]},"origin":{"joint_angles":[],"pose":[1,0,0,0,0,1,0,0,0,0,1,0,0,0,0,1]},"relative_to":{"pose":[1,0,0,0,0,1,0,0,0,0,1,0,0,0,0,1]},"safety":{"access":["parent","parameter","safety"]},"speed":{"access":["parent","parent","parent","parameter","speed"]},"velocity":0.45},"name":"Cart Motion","link":"cartesian_motion","componentProviders":{"acceleration":{"linkConfig":null,"componentLookupTable":[]},"motion":{"linkConfig":{"components":["robot-pose-carousel"],"sourceDistance":4,"parameters":{"points":["motion"]}},"componentLookupTable":[{"name":"robot-pose-carousel","sourcePath":{"id":"0_project_skit_2","indices":[]},"dependencies":[]}]},"velocity":{"linkConfig":null,"componentLookupTable":[]}},"enabled":true,"isTracePoint":false},{"id":"gripper_grasp","parameter":{"cartesian_impedance":{"access":["parent","parent","parent","parameter","cartesian_impedance"]},"force":40,"joint_impedance":{"access":["parent","parent","parent","parameter","joint_impedance"]},"object_config":{"F_x_Cload":[0,0,0],"I_load":[0.01,0,0,0,0.01,0,0,0,0.01],"m_load":0.094},"safety":{"access":["parent","parameter","safety"]},"speed":0.03,"width":0},"name":"Gripper Grasp","link":"gripper_grasp","componentProviders":{"Force":{"linkConfig":null,"componentLookupTable":[]},"Load":{"linkConfig":null,"componentLookupTable":[]},"gripper-width":{"linkConfig":null,"componentLookupTable":[]},"speed":{"linkConfig":null,"componentLookupTable":[]}},"enabled":true,"isTracePoint":false},{"id":"cartesian_motion2","parameter":{"acceleration":0.05,"cartesian_impedance":{"access":["parent","parent","parent","parameter","cartesian_impedance"]},"joint_impedance":{"access":["parent","parent","parent","parameter","joint_impedance"]},"motion":{"access":["parent","parent","parameter","poses",11,"relative_trajectories",1]},"origin":{"joint_angles":[],"pose":[1,0,0,0,0,1,0,0,0,0,1,0,0,0,0,1]},"relative_to":{"pose":[1,0,0,0,0,1,0,0,0,0,1,0,0,0,0,1]},"safety":{"access":["parent","parameter","safety"]},"speed":{"access":["parent","parent","parent","parameter","speed"]},"velocity":0.35},"name":"Cart Motion","link":"cartesian_motion","componentProviders":{"acceleration":{"linkConfig":null,"componentLookupTable":[]},"motion":{"linkConfig":{"components":["robot-pose-carousel"],"sourceDistance":4,"parameters":{"points":["motion"]}},"componentLookupTable":[{"name":"robot-pose-carousel","sourcePath":{"id":"0_project_skit_2","indices":[]},"dependencies":[]}]},"velocity":{"linkConfig":null,"componentLookupTable":[]}},"enabled":true,"isTracePoint":false},{"id":"joint_motion2","parameter":{"acceleration":0.35,"cartesian_impedance":{"access":["parent","parent","parent","parameter","cartesian_impedance"]},"joint_impedance":{"access":["parent","parent","parent","parameter","joint_impedance"]},"motion":{"access":["parent","parent","parameter","poses",12,"relative_trajectories",1]},"safety":{"access":["parent","parameter","safety"]},"speed":{"access":["parent","parent","parent","parameter","speed"]},"velocity":0.35},"name":"Joint Motion","link":"joint_motion","componentProviders":{"acceleration":{"linkConfig":null,"componentLookupTable":[]},"motion":{"linkConfig":{"components":["robot-pose-carousel"],"sourceDistance":4,"parameters":{"points":["motion"]}},"componentLookupTable":[{"name":"robot-pose-carousel","sourcePath":{"id":"0_project_skit_2","indices":[]},"dependencies":[]}]},"velocity":{"linkConfig":null,"componentLookupTable":[]}},"enabled":true,"isTracePoint":false},{"id":"move_relative","parameter":{"acceleration":0.2,"cartesian_impedance":{"access":["parent","parent","parent","parameter","cartesian_impedance"]},"joint_impedance":{"access":["parent","parent","parent","parameter","joint_impedance"]},"offset":{"x":-0.02,"y":0,"z":0},"safety":{"access":["parent","parameter","safety"]},"speed":{"access":["parent","parent","parent","parameter","speed"]},"velocity":0.3,"world":true},"name":"Relative Motion","link":"move_relative","componentProviders":{"acceleration":{"linkConfig":null,"componentLookupTable":[]},"frame":{"linkConfig":null,"componentLookupTable":[]},"offset":{"linkConfig":null,"componentLookupTable":[]},"velocity":{"linkConfig":null,"componentLookupTable":[]}},"enabled":true,"isTracePoint":false},{"id":"move_relative2","parameter":{"acceleration":0.3,"cartesian_impedance":{"access":["parent","parent","parent","parameter","cartesian_impedance"]},"joint_impedance":{"access":["parent","parent","parent","parameter","joint_impedance"]},"offset":{"x":0.02,"y":0.02,"z":0},"safety":{"access":["parent","parameter","safety"]},"speed":{"access":["parent","parent","parent","parameter","speed"]},"velocity":0.3,"world":true},"name":"Relative Motion","link":"move_relative","componentProviders":{"acceleration":{"linkConfig":null,"componentLookupTable":[]},"frame":{"linkConfig":null,"componentLookupTable":[]},"offset":{"linkConfig":null,"componentLookupTable":[]},"velocity":{"linkConfig":null,"componentLookupTable":[]}},"enabled":true,"isTracePoint":false},{"id":"move_relative3","parameter":{"acceleration":0.25,"cartesian_impedance":{"access":["parent","parent","parent","parameter","cartesian_impedance"]},"joint_impedance":{"access":["parent","parent","parent","parameter","joint_impedance"]},"offset":{"x":-0.02,"y":0,"z":0},"safety":{"access":["parent","parameter","safety"]},"speed":{"access":["parent","parent","parent","parameter","speed"]},"velocity":0.25,"world":true},"name":"Relative Motion","link":"move_relative","componentProviders":{"acceleration":{"linkConfig":null,"componentLookupTable":[]},"frame":{"linkConfig":null,"componentLookupTable":[]},"offset":{"linkConfig":null,"componentLookupTable":[]},"velocity":{"linkConfig":null,"componentLookupTable":[]}},"enabled":true,"isTracePoint":false},{"id":"move_relative4","parameter":{"acceleration":0.35,"cartesian_impedance":{"access":["parent","parent","parent","parameter","cartesian_impedance"]},"joint_impedance":{"access":["parent","parent","parent","parameter","joint_impedance"]},"offset":{"x":0,"y":0,"z":0.02},"safety":{"access":["parent","parameter","safety"]},"speed":{"access":["parent","parent","parent","parameter","speed"]},"velocity":0.25,"world":true},"name":"Relative Motion","link":"move_relative","componentProviders":{"acceleration":{"linkConfig":null,"componentLookupTable":[]},"frame":{"linkConfig":null,"componentLookupTable":[]},"offset":{"linkConfig":null,"componentLookupTable":[]},"velocity":{"linkConfig":null,"componentLookupTable":[]}},"enabled":true,"isTracePoint":false},{"id":"move_relative5","parameter":{"acceleration":0.4,"cartesian_impedance":{"access":["parent","parent","parent","parameter","cartesian_impedance"]},"joint_impedance":{"access":["parent","parent","parent","parameter","joint_impedance"]},"offset":{"x":0,"y":0.02,"z":-0.02},"safety":{"access":["parent","parameter","safety"]},"speed":{"access":["parent","parent","parent","parameter","speed"]},"velocity":0.4,"world":true},"name":"Relative Motion","link":"move_relative","componentProviders":{"acceleration":{"linkConfig":null,"componentLookupTable":[]},"frame":{"linkConfig":null,"componentLookupTable":[]},"offset":{"linkConfig":null,"componentLookupTable":[]},"velocity":{"linkConfig":null,"componentLookupTable":[]}},"enabled":true,"isTracePoint":false},{"id":"move_relative6","parameter":{"acceleration":0.25,"cartesian_impedance":{"access":["parent","parent","parent","parameter","cartesian_impedance"]},"joint_impedance":{"access":["parent","parent","parent","parameter","joint_impedance"]},"offset":{"x":0.02,"y":0,"z":0},"safety":{"access":["parent","parameter","safety"]},"speed":{"access":["parent","parent","parent","parameter","speed"]},"velocity":0.3,"world":true},"name":"Relative Motion","link":"move_relative","componentProviders":{"acceleration":{"linkConfig":null,"componentLookupTable":[]},"frame":{"linkConfig":null,"componentLookupTable":[]},"offset":{"linkConfig":null,"componentLookupTable":[]},"velocity":{"linkConfig":null,"componentLookupTable":[]}},"enabled":true,"isTracePoint":false},{"id":"move_relative7","parameter":{"acceleration":0.25,"cartesian_impedance":{"access":["parent","parent","parent","parameter","cartesian_impedance"]},"joint_impedance":{"access":["parent","parent","parent","parameter","joint_impedance"]},"offset":{"x":0,"y":0.02,"z":0},"safety":{"access":["parent","parameter","safety"]},"speed":{"access":["parent","parent","parent","parameter","speed"]},"velocity":0.3,"world":true},"name":"Relative Motion","link":"move_relative","componentProviders":{"acceleration":{"linkConfig":null,"componentLookupTable":[]},"frame":{"linkConfig":null,"componentLookupTable":[]},"offset":{"linkConfig":null,"componentLookupTable":[]},"velocity":{"linkConfig":null,"componentLookupTable":[]}},"enabled":true,"isTracePoint":false},{"id":"move_relative8","parameter":{"acceleration":0.25,"cartesian_impedance":{"access":["parent","parent","parent","parameter","cartesian_impedance"]},"joint_impedance":{"access":["parent","parent","parent","parameter","joint_impedance"]},"offset":{"x":-0.02,"y":0,"z":0},"safety":{"access":["parent","parameter","safety"]},"speed":{"access":["parent","parent","parent","parameter","speed"]},"velocity":0.3,"world":true},"name":"Relative Motion","link":"move_relative","componentProviders":{"acceleration":{"linkConfig":null,"componentLookupTable":[]},"frame":{"linkConfig":null,"componentLookupTable":[]},"offset":{"linkConfig":null,"componentLookupTable":[]},"velocity":{"linkConfig":null,"componentLookupTable":[]}},"enabled":true,"isTracePoint":false},{"id":"move_relative9","parameter":{"acceleration":0.15,"cartesian_impedance":{"access":["parent","parent","parent","parameter","cartesian_impedance"]},"joint_impedance":{"access":["parent","parent","parent","parameter","joint_impedance"]},"offset":{"x":0,"y":-0.02,"z":0},"safety":{"access":["parent","parameter","safety"]},"speed":{"access":["parent","parent","parent","parameter","speed"]},"velocity":0.2,"world":true},"name":"Relative Motion","link":"move_relative","componentProviders":{"acceleration":{"linkConfig":null,"componentLookupTable":[]},"frame":{"linkConfig":null,"componentLookupTable":[]},"offset":{"linkConfig":null,"componentLookupTable":[]},"velocity":{"linkConfig":null,"componentLookupTable":[]}},"enabled":true,"isTracePoint":false},{"id":"move_relative10","parameter":{"acceleration":null,"cartesian_impedance":{"access":["parent","parent","parent","parameter","cartesian_impedance"]},"joint_impedance":{"access":["parent","parent","parent","parameter","joint_impedance"]},"offset":{"x":0,"y":0,"z":0},"safety":{"access":["parent","parameter","safety"]},"speed":{"access":["parent","parent","parent","parameter","speed"]},"velocity":0.05,"world":false},"name":"Relative Motion","link":"move_relative","componentProviders":{"acceleration":{"linkConfig":null,"componentLookupTable":[]},"frame":{"linkConfig":null,"componentLookupTable":[]},"offset":{"linkConfig":null,"componentLookupTable":[]},"velocity":{"linkConfig":null,"componentLookupTable":[]}},"enabled":true,"isTracePoint":false}],"relativePath":["body"],"isTracePoint":false}],"componentProviders":{"all-force":{"linkConfig":null,"componentLookupTable":[]},"all-torque":{"linkConfig":null,"componentLookupTable":[]}},"isTracePoint":false},{"id":"user_interaction","parameter":{"cartesian_impedance":{"access":["parent","parameter","cartesian_impedance"]},"directions":{"x_neg":false,"x_pos":true,"y_neg":false,"y_pos":false,"z_neg":false,"z_pos":false},"joint_impedance":{"access":["parent","parameter","joint_impedance"]},"safety":{"access":["parent","parameter","safety"]},"threshold":6},"name":"User","link":"user_interaction","componentProviders":{"directions":{"linkConfig":null,"componentLookupTable":[{"name":"haptic-gestures","sourcePath":{"id":"0_project_skit_2","indices":[]},"dependencies":[]}]},"threshold":{"linkConfig":null,"componentLookupTable":[]}},"enabled":true,"isTracePoint":false},{"id":"set_safety_skill","parameter":{"reset_safety":{"access":["parent","parameter","safety"]},"safety":{"force_thresholds":{"x":45,"x_rot":19,"y":45,"y_rot":20,"z":45,"z_rot":30},"torque_thresholds":{"j0":28,"j1":35,"j2":35,"j3":31,"j4":32,"j5":22,"j6":21}}},"name":"Thresholds","libraryItemId":"set_safety_skill","containers":[{"elements":[{"id":"joint_motion","parameter":{"acceleration":0.4,"cartesian_impedance":{"access":["parent","parent","parent","parameter","cartesian_impedance"]},"joint_impedance":{"access":["parent","parent","parent","parameter","joint_impedance"]},"motion":{"access":["parent","parent","parameter","poses",1,"relative_trajectories",1]},"safety":{"access":["parent","parameter","safety"]},"speed":{"access":["parent","parent","parent","parameter","speed"]},"velocity":0.45},"name":"Joint Motion","link":"joint_motion","componentProviders":{"acceleration":{"linkConfig":null,"componentLookupTable":[]},"motion":{"linkConfig":{"components":["robot-pose-carousel"],"sourceDistance":4,"parameters":{"points":["motion"]}},"componentLookupTable":[{"name":"robot-pose-carousel","sourcePath":{"id":"0_project_skit_2","indices":[]},"dependencies":[]}]},"velocity":{"linkConfig":null,"componentLookupTable":[]}},"enabled":true,"isTracePoint":false},{"id":"user_interaction","parameter":{"cartesian_impedance":{"access":["parent","parent","parent","parameter","cartesian_impedance"]},"directions":{"x_neg":false,"x_pos":true,"y_neg":false,"y_pos":false,"z_neg":false,"z_pos":false},"joint_impedance":{"access":["parent","parent","parent","parameter","joint_impedance"]},"safety":{"access":["parent","parameter","safety"]},"threshold":6},"name":"User","link":"user_interaction","componentProviders":{"directions":{"linkConfig":null,"componentLookupTable":[{"name":"haptic-gestures","sourcePath":{"id":"0_project_skit_2","indices":[]},"dependencies":[]}]},"threshold":{"linkConfig":null,"componentLookupTable":[]}},"enabled":false,"isTracePoint":false},{"id":"joint_motion2","parameter":{"acceleration":0.25,"cartesian_impedance":{"access":["parent","parent","parent","parameter","cartesian_impedance"]},"joint_impedance":{"access":["parent","parent","parent","parameter","joint_impedance"]},"motion":{"access":["parent","parent","parameter","poses",4,"relative_trajectories",1]},"safety":{"access":["parent","parameter","safety"]},"speed":{"access":["parent","parent","parent","parameter","speed"]},"velocity":0.25},"name":"Joint Motion","link":"joint_motion","componentProviders":{"acceleration":{"linkConfig":null,"componentLookupTable":[]},"motion":{"linkConfig":{"components":["robot-pose-carousel"],"sourceDistance":4,"parameters":{"points":["motion"]}},"componentLookupTable":[{"name":"robot-pose-carousel","sourcePath":{"id":"0_project_skit_2","indices":[]},"dependencies":[]}]},"velocity":{"linkConfig":null,"componentLookupTable":[]}},"enabled":true,"isTracePoint":false},{"id":"cartesian_motion","parameter":{"acceleration":0.25,"cartesian_impedance":{"access":["parent","parent","parent","parameter","cartesian_impedance"]},"joint_impedance":{"access":["parent","parent","parent","parameter","joint_impedance"]},"motion":{"access":["parent","parent","parameter","poses",3,"relative_trajectories",1]},"origin":{"joint_angles":[],"pose":[1,0,0,0,0,1,0,0,0,0,1,0,0,0,0,1]},"relative_to":{"pose":[1,0,0,0,0,1,0,0,0,0,1,0,0,0,0,1]},"safety":{"access":["parent","parameter","safety"]},"speed":{"access":["parent","parent","parent","parameter","speed"]},"velocity":0.2},"name":"Cart Motion","link":"cartesian_motion","componentProviders":{"acceleration":{"linkConfig":null,"componentLookupTable":[]},"motion":{"linkConfig":{"components":["robot-pose-carousel"],"sourceDistance":4,"parameters":{"points":["motion"]}},"componentLookupTable":[{"name":"robot-pose-carousel","sourcePath":{"id":"0_project_skit_2","indices":[]},"dependencies":[]}]},"velocity":{"linkConfig":null,"componentLookupTable":[]}},"enabled":true,"isTracePoint":false},{"id":"gripper_grasp","parameter":{"cartesian_impedance":{"access":["parent","parent","parent","parameter","cartesian_impedance"]},"force":40,"joint_impedance":{"access":["parent","parent","parent","parameter","joint_impedance"]},"object_config":{"F_x_Cload":[0,0,0],"I_load":[0.01,0,0,0,0.01,0,0,0,0.01],"m_load":0.1},"safety":{"access":["parent","parameter","safety"]},"speed":0.03,"width":0.058},"name":"Gripper Grasp","link":"gripper_grasp","componentProviders":{"Force":{"linkConfig":null,"componentLookupTable":[]},"Load":{"linkConfig":null,"componentLookupTable":[]},"gripper-width":{"linkConfig":null,"componentLookupTable":[]},"speed":{"linkConfig":null,"componentLookupTable":[]}},"enabled":true,"isTracePoint":false},{"id":"cartesian_motion2","parameter":{"acceleration":0.25,"cartesian_impedance":{"access":["parent","parent","parent","parameter","cartesian_impedance"]},"joint_impedance":{"access":["parent","parent","parent","parameter","joint_impedance"]},"motion":{"access":["parent","parent","parameter","poses",6,"relative_trajectories",1]},"origin":{"joint_angles":[],"pose":[1,0,0,0,0,1,0,0,0,0,1,0,0,0,0,1]},"relative_to":{"pose":[1,0,0,0,0,1,0,0,0,0,1,0,0,0,0,1]},"safety":{"access":["parent","parameter","safety"]},"speed":{"access":["parent","parent","parent","parameter","speed"]},"velocity":0.25},"name":"Cart Motion","link":"cartesian_motion","componentProviders":{"acceleration":{"linkConfig":null,"componentLookupTable":[]},"motion":{"linkConfig":{"components":["robot-pose-carousel"],"sourceDistance":4,"parameters":{"points":["motion"]}},"componentLookupTable":[{"name":"robot-pose-carousel","sourcePath":{"id":"0_project_skit_2","indices":[]},"dependencies":[]}]},"velocity":{"linkConfig":null,"componentLookupTable":[]}},"enabled":true,"isTracePoint":false},{"id":"joint_motion4","parameter":{"acceleration":0.4,"cartesian_impedance":{"access":["parent","parent","parent","parameter","cartesian_impedance"]},"joint_impedance":{"access":["parent","parent","parent","parameter","joint_impedance"]},"motion":{"access":["parent","parent","parameter","poses",5,"relative_trajectories",1]},"safety":{"access":["parent","parameter","safety"]},"speed":{"access":["parent","parent","parent","parameter","speed"]},"velocity":0.4},"name":"Joint Motion","link":"joint_motion","componentProviders":{"acceleration":{"linkConfig":null,"componentLookupTable":[]},"motion":{"linkConfig":{"components":["robot-pose-carousel"],"sourceDistance":4,"parameters":{"points":["motion"]}},"componentLookupTable":[{"name":"robot-pose-carousel","sourcePath":{"id":"0_project_skit_2","indices":[]},"dependencies":[]}]},"velocity":{"linkConfig":null,"componentLookupTable":[]}},"enabled":true,"isTracePoint":false},{"id":"apply_force_skill","parameter":{"cartesian_impedance":{"access":["parent","parent","parent","parameter","cartesian_impedance"]},"duration":2,"force_tolerance":0.1,"force_x":0,"force_y":0,"force_z":7,"joint_impedance":{"access":["parent","parent","parent","parameter","joint_impedance"]},"safety":{"access":["parent","parameter","safety"]},"safety_theta":0.3,"safety_x":0.05,"safety_y":0.05,"safety_z":0.05,"torque_x":0,"torque_y":0,"torque_z":0},"name":"Force","link":"apply_force_skill","componentProviders":{"all-forces":{"linkConfig":null,"componentLookupTable":[]},"duration":{"linkConfig":null,"componentLookupTable":[]},"safety-dist":{"linkConfig":null,"componentLookupTable":[]}},"enabled":true,"isTracePoint":false},{"id":"joint_motion5","parameter":{"acceleration":0.4,"cartesian_impedance":{"access":["parent","parent","parent","parameter","cartesian_impedance"]},"joint_impedance":{"access":["parent","parent","parent","parameter","joint_impedance"]},"motion":{"access":["parent","parent","parameter","poses",7,"relative_trajectories",1]},"safety":{"access":["parent","parameter","safety"]},"speed":{"access":["parent","parent","parent","parameter","speed"]},"velocity":0.4},"name":"Joint Motion","link":"joint_motion","componentProviders":{"acceleration":{"linkConfig":null,"componentLookupTable":[]},"motion":{"linkConfig":{"components":["robot-pose-carousel"],"sourceDistance":4,"parameters":{"points":["motion"]}},"componentLookupTable":[{"name":"robot-pose-carousel","sourcePath":{"id":"0_project_skit_2","indices":[]},"dependencies":[]}]},"velocity":{"linkConfig":null,"componentLookupTable":[]}},"enabled":true,"isTracePoint":false},{"id":"cartesian_motion3","parameter":{"acceleration":0.3,"cartesian_impedance":{"access":["parent","parent","parent","parameter","cartesian_impedance"]},"joint_impedance":{"access":["parent","parent","parent","parameter","joint_impedance"]},"motion":{"access":["parent","parent","parameter","poses",8,"relative_trajectories",1]},"origin":{"joint_angles":[],"pose":[1,0,0,0,0,1,0,0,0,0,1,0,0,0,0,1]},"relative_to":{"pose":[1,0,0,0,0,1,0,0,0,0,1,0,0,0,0,1]},"safety":{"access":["parent","parameter","safety"]},"speed":{"access":["parent","parent","parent","parameter","speed"]},"velocity":0.3},"name":"Cart Motion","link":"cartesian_motion","componentProviders":{"acceleration":{"linkConfig":null,"componentLookupTable":[]},"motion":{"linkConfig":{"components":["robot-pose-carousel"],"sourceDistance":4,"parameters":{"points":["motion"]}},"componentLookupTable":[{"name":"robot-pose-carousel","sourcePath":{"id":"0_project_skit_2","indices":[]},"dependencies":[]}]},"velocity":{"linkConfig":null,"componentLookupTable":[]}},"enabled":true,"isTracePoint":false},{"id":"gripper_move_skill","parameter":{"cartesian_impedance":{"access":["parent","parent","parent","parameter","cartesian_impedance"]},"joint_impedance":{"access":["parent","parent","parent","parameter","joint_impedance"]},"safety":{"access":["parent","parameter","safety"]},"speed":0.05,"width":0.058},"name":"Gripper Move","link":"gripper_move_skill","componentProviders":{"gripper-width":{"linkConfig":null,"componentLookupTable":[]},"speed":{"linkConfig":null,"componentLookupTable":[]}},"enabled":true,"isTracePoint":false},{"id":"joint_motion3","parameter":{"acceleration":0.3,"cartesian_impedance":{"access":["parent","parent","parent","parameter","cartesian_impedance"]},"joint_impedance":{"access":["parent","parent","parent","parameter","joint_impedance"]},"motion":{"access":["parent","parent","parameter","poses",2,"relative_trajectories",1]},"safety":{"access":["parent","parameter","safety"]},"speed":{"access":["parent","parent","parent","parameter","speed"]},"velocity":0.25},"name":"Joint Motion","link":"joint_motion","componentProviders":{"acceleration":{"linkConfig":null,"componentLookupTable":[]},"motion":{"linkConfig":{"components":["robot-pose-carousel"],"sourceDistance":4,"parameters":{"points":["motion"]}},"componentLookupTable":[{"name":"robot-pose-carousel","sourcePath":{"id":"0_project_skit_2","indices":[]},"dependencies":[]}]},"velocity":{"linkConfig":null,"componentLookupTable":[]}},"enabled":true,"isTracePoint":false}],"relativePath":["body"],"isTracePoint":false}],"componentProviders":{"all-force":{"linkConfig":null,"componentLookupTable":[]},"all-torque":{"linkConfig":null,"componentLookupTable":[]}},"isTracePoint":false}],"relativePath":["timeline_body"],"isTracePoint":false}],"name":"project skit 2","contextMenu":"<step id=\"speed\" name=\"Robot speed\" label=\"Set the speed of the robot's motions.\"\n  configured=\"parameter('speed')()\" class=\"flex-column\">\n  <h2 data-bind=\"html: step.label\"><br></h2>\n  <linear-slider params=\"\n    value: parameter('speed').multiply(100).round(),\n    min: 1, max: 100, increment: 1,\n    unit: '%',\n    step: step\n    \"/>\n</step>\n<step id=\"cart-comp\" name=\"Cartesian Compliance\" class=\"flex-column\"\n  label=\"Set the compliance along and around each cartesian axis. Greater compliance is given by lower values.\">\n  <h2 data-bind=\"html: step.label\"></h2>\n  <toggle-slider params=\"\n    parameters: [\n      { value: parameter('cartesian_impedance.K_x').add(-10).multiply(10/299).round(),\n        label: 'K-x',\n        min: 0, max: 100, increment: 1,\n        unit: '%'\n      },\n      { value: parameter('cartesian_impedance.K_y').add(-10).multiply(10/299).round(),\n        label: 'K-y',\n        min: 0, max: 100, increment: 1,\n        unit: '%'\n      },\n      { value: parameter('cartesian_impedance.K_z').add(-10).multiply(10/299).round(),\n        label: 'K-z',\n        min: 0, max: 100, increment: 1,\n        unit: '%'\n      },\n      { value: parameter('cartesian_impedance.K_x_rot').add(-1).multiply(100/299).round(),\n        label: 'K-x_rot',\n        min: 0, max: 100, increment: 1,\n        unit: '%'\n      },\n      { value: parameter('cartesian_impedance.K_y_rot').add(-1).multiply(100/299).round(),\n        label: 'K-y_rot',\n        min: 0, max: 100, increment: 1,\n        unit: '%'\n      },\n      { value: parameter('cartesian_impedance.K_z_rot').add(-1).multiply(100/299).round(),\n        label: 'K-z_rot',\n        min: 0, max: 100, increment: 1,\n        unit: '%'\n      },\n    ],\n    step: step\n  \"/>\n</step>\n<step id=\"joint-comp\" name=\"Joint Compliance\" class=\"flex-column\"\n  label=\"Set the compliance for each joint. Greater compliance is given by lower values.\">\n  <h2 data-bind=\"html: step.label\"></h2>\n  <toggle-slider params=\"\n    parameters: [\n      { value: parameter('joint_impedance.K_j0').add(-1).multiply(1/60).round(),\n        label: 'Joint 1',\n        min: 0, max: 100, increment: 1,\n        unit: '%'\n      },\n      { value: parameter('joint_impedance.K_j1').add(-1).multiply(1/60).round(),\n        label: 'Joint 2',\n        min: 0, max: 100, increment: 1,\n        unit: '%'\n      },\n      { value: parameter('joint_impedance.K_j2').add(-1).multiply(1/60).round(),\n        label: 'Joint 3',\n        min: 0, max: 100, increment: 1,\n        unit: '%'\n      },\n      { value: parameter('joint_impedance.K_j3').add(-1).multiply(1/60).round(),\n        label: 'Joint 4',\n        min: 0, max: 100, increment: 1,\n        unit: '%'\n      },\n      { value: parameter('joint_impedance.K_j4').add(-1).multiply(1/60).round(),\n        label: 'Joint 5',\n        min: 0, max: 100, increment: 1,\n        unit: '%'\n      },\n      { value: parameter('joint_impedance.K_j5').add(-1).multiply(1/60).round(),\n        label: 'Joint 6',\n        min: 0, max: 100, increment: 1,\n        unit: '%'\n      },\n      { value: parameter('joint_impedance.K_j6').add(-1).multiply(1/60).round(),\n        label: 'Joint 7',\n        min: 0, max: 100, increment: 1,\n        unit: '%'\n      },\n    ],\n    step: step\n  \"/>\n</step>\n<step id=\"all-force\" name=\"Force Thresholds\" class=\"flex-column\"\n  label=\"Set the force thresholds along and around each cartesian axis. Higher values will be interpreted as collisions.\">\n  <h2 data-bind=\"html: step.label\"></h2>\n  <toggle-slider params=\"\n    parameters: [\n      {value: parameter('safety.force_thresholds.x'), label: 'x', min: 3, max: 100, increment: 1, unit: 'N'},\n      {value: parameter('safety.force_thresholds.y'), label: 'y', min: 3, max: 100, increment: 1, unit: 'N'},\n      {value: parameter('safety.force_thresholds.z'), label: 'z', min: 3, max: 100, increment: 1, unit: 'N'},\n      {value: parameter('safety.force_thresholds.x_rot'), label: 'x-rot', min: 1, max: 30, increment: 1, unit: 'Nm'},\n      {value: parameter('safety.force_thresholds.y_rot'), label: 'y-rot', min: 1, max: 30, increment: 1, unit: 'Nm'},\n      {value: parameter('safety.force_thresholds.z_rot'), label: 'z-rot', min: 1, max: 30, increment: 1, unit: 'Nm'},\n    ],\n    step: step\n  \"/>\n</step>\n<step id=\"all-torque\" name=\"Torque Thresholds\" class=\"flex-column\"\n  label=\"Set the torque thresholds for each joint. Higher values will be interpreted as collisions.\">\n  <h2 data-bind=\"html: step.label\"></h2>\n  <toggle-slider params=\"\n    parameters: [\n      {value: parameter('safety.torque_thresholds.j0'), label: 'Joint 1', min: 3, max: 100, increment: 1, unit: 'Nm'},\n      {value: parameter('safety.torque_thresholds.j1'), label: 'Joint 2', min: 3, max: 100, increment: 1, unit: 'Nm'},\n      {value: parameter('safety.torque_thresholds.j2'), label: 'Joint 3', min: 3, max: 100, increment: 1, unit: 'Nm'},\n      {value: parameter('safety.torque_thresholds.j3'), label: 'Joint 4', min: 2, max: 80, increment: 1, unit: 'Nm'},\n      {value: parameter('safety.torque_thresholds.j4'), label: 'Joint 5', min: 2, max: 80, increment: 1, unit: 'Nm'},\n      {value: parameter('safety.torque_thresholds.j5'), label: 'Joint 6', min: 1, max: 40, increment: 1, unit: 'Nm'},\n      {value: parameter('safety.torque_thresholds.j6'), label: 'Joint 7', min: 1, max: 40, increment: 1, unit: 'Nm'},\n    ],\n    step: step\n  \"/>\n</step>","components":"<component name=\"grid-widget\">\n  <template src=\"base/grid_widget.html\"></template>\n  <viewmodel src=\"base/grid_widget.js\"></viewmodel>\n</component>\n<component name=\"alternative-selector\">\n  <template src=\"base/alternative_selector.html\"></template>\n  <viewmodel src=\"base/alternative_selector.js\"></viewmodel>\n</component>\n<component name=\"reset-strategy-picker\">\n  <template src=\"base/reset_strategy_picker.html\"></template>\n  <viewmodel src=\"base/reset_strategy_picker.js\"></viewmodel>\n</component>\n<component name=\"trajectory-teaching-base\">\n  <template src=\"base/trajectory_teaching_base.html\"></template>\n  <viewmodel src=\"base/trajectory_teaching_base.js\"></viewmodel>\n</component>\n<component name=\"trajectory-teaching\" linkable>\n  <template src=\"base/trajectory_teaching.html\"></template>\n  <viewmodel src=\"base/trajectory_teaching.js\"></viewmodel>\n</component>\n<component name=\"approach-retract-teaching\">\n  <template src=\"base/approach_retract_teaching.html\"></template>\n  <viewmodel src=\"base/approach_retract_teaching.js\"></viewmodel>\n</component>\n<component name=\"pose-teaching single-pose-teaching\" linkable>\n  <template src=\"base/pose_teaching.html\"></template>\n  <viewmodel src=\"base/pose_teaching.js\"></viewmodel>\n</component>\n<component name=\"two-pose-teaching\" linkable>\n  <template src=\"base/two_pose_teaching.html\"></template>\n  <viewmodel src=\"base/two_pose_teaching.js\"></viewmodel>\n</component>\n<component name=\"robot-pose single-robot-pose\" linkable>\n  <template src=\"base/robot_pose.html\"></template>\n  <viewmodel src=\"base/robot_pose.js\"></viewmodel>\n</component>\n<component name=\"robot-pose-carousel\" linkable>\n  <template src=\"base/robot_pose_carousel.html\"></template>\n  <viewmodel src=\"base/robot_pose_carousel.js\"></viewmodel>\n</component>\n<component name=\"haptic-gestures\">\n  <template src=\"base/haptic_gestures.html\"></template>\n  <viewmodel src=\"base/haptic_gestures.js\"></viewmodel>\n</component>\n<component name=\"points-list\">\n  <template src=\"base/points_list.html\"></template>\n  <viewmodel src=\"base/points_list.js\"></viewmodel>\n</component>","parameter":{"cartesian_impedance":{"K_x":2500,"K_x_rot":250,"K_y":2500,"K_y_rot":250,"K_z":2500,"K_z_rot":250},"current_teaching_reference":{"pose":[1,0,0,0,0,1,0,0,0,0,1,0,0,0,0,1]},"joint_impedance":{"K_j0":3500,"K_j1":3500,"K_j2":3500,"K_j3":3000,"K_j4":2500,"K_j5":2000,"K_j6":1000},"poses":[{"gripper_closed_width":-1,"gripper_open_width":-1,"pose":{"joint_angles":[],"pose":[0,0,0,0,0,0,0,0,0,0,0,0,0,0,0,0]},"relative_trajectories":[[{"joint_angles":[-0.7177912038125489,-0.5474363860428845,0.5006927690673292,-2.3422362648341766,0.22002676427364348,1.8194376516774429,0.4155518335552574],"pose":[0.9989594063504785,0.027643454834657577,-0.0360095927484912,0,0.02872061725299946,-0.9991351147326439,0.029747194052568853,0,-0.03515681024453047,-0.03075104909509863,-0.998908590248868,0,0.39881517747053397,-0.05364286107864186,0.4021872229355872,1]}]],"teaching_reference":{"pose":[1,0,0,0,0,1,0,0,0,0,1,0,0,0,0,1]}},{"gripper_closed_width":-1,"gripper_open_width":-1,"pose":{"joint_angles":[],"pose":[0,0,0,0,0,0,0,0,0,0,0,0,0,0,0,0]},"relative_trajectories":[[{"joint_angles":[-1.1091511400261798,-0.9732400000614495,1.4231488198519417,-2.5796170270347845,1.1008446327845256,2.0087874895883213,0.2779600603017542],"pose":[0.9997657599302785,0.020054595931925767,0.006854586365955671,0,0.01993800190375783,-0.9996525335756214,0.016674384460442806,0,0.00718674103714357,-0.016534130228693055,-0.999837473437981,0,0.39561226486553047,0.11203958338798771,0.1869861719851407,1]},{"joint_angles":[-1.3573423229222625,-0.9405434679912408,1.0837933478704072,-2.4650775520812087,0.7215710663795474,1.7701323233298434,-0.010765315614303444],"pose":[0.9942273664477326,0.06100775035088557,-0.088151829843391,0,0.06553295032997791,-0.9966180148514648,0.04938331495335514,0,-0.08484257019625666,-0.0548761491950786,-0.9948820766965363,0,0.3928735700590187,-0.04848843032718474,0.3079701999929353,1]}]],"teaching_reference":{"pose":[1,0,0,0,0,1,0,0,0,0,1,0,0,0,0,1]}},{"gripper_closed_width":-1,"gripper_open_width":-1,"pose":{"joint_angles":[],"pose":[0,0,0,0,0,0,0,0,0,0,0,0,0,0,0,0]},"relative_trajectories":[[{"joint_angles":[-1.2884234072325522,-0.93261484847989,2.1184442301298443,-2.3067673724921547,1.346010773984053,2.3798167523807705,0.6510661885544734],"pose":[0.9989121555533318,-0.04188337363411648,0.020025868321478263,0,-0.04186682157278282,-0.9991127891775289,-0.001245252785605033,0,0.020060642771599472,0.0004054864952938387,-0.999798682831845,0,0.374032445690624,0.3031010339562947,0.018796421446665268,1]},{"joint_angles":[-1.6455308197257934,-0.6342194081105745,2.4523344790435706,-2.3341875797789373,0.9551874550183614,2.649745327984056,0.8254016227159234],"pose":[0.9995209125372677,-0.02797333677139685,-0.012497388997315572,0,-0.027962141659040374,-0.9995987801917494,0.0010696607942550116,0,-0.012522537876586087,-0.0007197084282854841,-0.9999213309380433,0,0.3740202806110272,0.304663148263808,0.01954204663522688,1]},{"joint_angles":[-1.645729350589216,-0.6344374667057073,2.4523886255884904,-2.334380104295849,0.9551941688822374,2.6496474147723323,0.8254083365831109],"pose":[0.9995109365979393,-0.028217908530598024,-0.012743004374051466,0,-0.028201945327414046,-0.9995915917518616,0.0014306921182901519,0,-0.012778417189416955,-0.0010706355195228522,-0.9999177795167548,0,0.3739786865082758,0.30444096880982696,0.0194069393305802,1]}]],"teaching_reference":{"pose":[1,0,0,0,0,1,0,0,0,0,1,0,0,0,0,1]}},{"gripper_closed_width":-1,"gripper_open_width":-1,"pose":{"joint_angles":[],"pose":[0,0,0,0,0,0,0,0,0,0,0,0,0,0,0,0]},"relative_trajectories":[[{"joint_angles":[-1.1355621697066123,-0.7793004692562838,1.9273940500104205,-2.399345797789724,1.14631672223409,2.3544259843296476,0.7675264233979914],"pose":[0.9982952001023347,-0.05387129032606541,0.02203008017353305,0,-0.05384425217660771,-0.9985380485162174,-0.0018190860821692117,0,0.022096295201750688,0.0006298038377432741,-0.99975564868896,0,0.3662356483151078,0.300286378395685,0.08890753084655117,1]}]],"teaching_reference":{"pose":[1,0,0,0,0,1,0,0,0,0,1,0,0,0,0,1]}},{"gripper_closed_width":-1,"gripper_open_width":-1,"pose":{"joint_angles":[],"pose":[0,0,0,0,0,0,0,0,0,0,0,0,0,0,0,0]},"relative_trajectories":[[{"joint_angles":[-1.0248871939098625,-0.3437718776192581,1.6652884000430863,-2.4676404971072547,0.6460661269378554,2.3977370811568366,0.9619020924236666],"pose":[0.9984686780530969,-0.03293880693816975,-0.04422760275664229,0,-0.035739400711411407,-0.9972936238167525,-0.06410046827010851,0,-0.04199732185549087,0.06558424053352664,-0.9969628540475353,0,0.3775275691231238,0.2749641219680438,0.17160126357508254,1]},{"joint_angles":[-0.6728593023492578,-0.5760806421389616,1.1951586339990137,-2.3710830917402337,0.6288573473961794,2.0470561863051517,0.9420222919672158],"pose":[0.9997761271021048,-0.019306546857133622,-0.007463231630981284,0,-0.019432254399432247,-0.9996543639268041,-0.01715479735411265,0,-0.007129589436654973,0.01729631728331659,-0.9998249878668265,0,0.37961384742276616,0.26814159017100214,0.28610792783772493,1]},{"joint_angles":[-1.83625560754171,-1.6297336208110769,1.8079600308312138,-2.474139355677756,1.7427924823760979,1.6904983132150437,-0.4104326062764648],"pose":[0.9990844780184942,0.013733375615356591,-0.04027836985192484,0,0.015260198334308583,-0.9991573761334882,0.03784720552495945,0,-0.03972542528425515,-0.03842795134602943,-0.9984714232972981,0,0.40194327011659015,-0.12970687443102882,0.03057175888149359,1]},{"joint_angles":[-1.6539073951913599,-0.22479531167473707,1.4078322042592082,-2.709655367165281,0.5212825647956794,2.701364947266049,-0.028758071518511955],"pose":[0.992053195646541,0.10315353002846717,0.07190655847250858,0,0.10091211749515422,-0.9942995252800997,0.034145943706694354,0,0.07502037595794965,-0.026618861990922754,-0.996826654628294,0,0.39090617798142474,-0.13880617950182642,0.143063122418986,1]},{"joint_angles":[-2.472388859156104,-0.548748370468877,2.3105144891906204,-2.4975625872695653,0.8587842488255766,2.6116900357676904,-0.11719037754981498],"pose":[0.994597649304135,-0.008067747438681161,-0.10339813514354668,0,-0.00884398261926711,-0.9999264050837755,-0.00705090695410996,0,-0.10333563016102991,0.007927419419483264,-0.9946149524115202,0,0.4004508373613728,-0.1332858010944507,0.03420820771600633,1]}]],"teaching_reference":{"pose":[1,0,0,0,0,1,0,0,0,0,1,0,0,0,0,1]}},{"gripper_closed_width":-1,"gripper_open_width":-1,"pose":{"joint_angles":[],"pose":[0,0,0,0,0,0,0,0,0,0,0,0,0,0,0,0]},"relative_trajectories":[[{"joint_angles":[-1.6036771246759594,-0.5035214685752568,2.392447809386671,-2.4150889618856866,0.9128895648287401,2.6333831491443225,0.8118244658543002],"pose":[0.9992182040352917,-0.012440689158081553,-0.03726871179644699,0,-0.014279916389695668,-0.9986625273857264,-0.04949734623861572,0,-0.03660378955272185,0.04999180599864708,-0.9980786451594754,0,0.3617239244557747,0.2991341086829643,0.05214071898186405,1]},{"joint_angles":[-1.5967993893037682,-0.37926233303730644,2.348605935765575,-2.453626605603819,0.7472369360890654,2.6315796426878113,0.8641666343689172],"pose":[0.9987667211412207,0.03869256678751348,-0.030800469435013182,0,0.036502096747467294,-0.9969558775833252,-0.06875552331492102,0,-0.03336767914465807,0.06754774736986134,-0.9971579111724265,0,0.3654543796412505,0.29801016896044524,0.08626577466354213,1]}]],"teaching_reference":{"pose":[1,0,0,0,0,1,0,0,0,0,1,0,0,0,0,1]}},{"gripper_closed_width":-1,"gripper_open_width":-1,"pose":{"joint_angles":[],"pose":[0,0,0,0,0,0,0,0,0,0,0,0,0,0,0,0]},"relative_trajectories":[[{"joint_angles":[-2.2851750